[
    191,
    66,
    47,
    75,
    3,
    148,
    99,
    68,
    144,
    173,
    42,
    4,
    128,
    253,
    54,
    256,
    40,
    45,
    70,
    205,
    253,
    15,
    211,
    147,
    116,
    114,
    41,
    36,
    96,
    14,
    29,
    24,
    181,
    99,
    225,
    46,
    201,
    74,
    59,
    57,
    211,
    6,
    20,
    20,
    98,
    84,
    49,
    255,
    251,
    36,
    59,
    178,
    147,
    113,
    142,
    28,
    256,
    6,
    10,
    74,
    61,
    70,
    68,
    119,
    139,
    136,
    51,
    96,
    80,
    173,
    98,
    184,
    85,
    131,
    9,
    26,
    120,
    75,
    240,
    128,
    150,
    129,
    218,
    182,
    218,
    106,
    144,
    141,
    59,
    32,
    252,
    49,
    92,
    190,
    32,
    42,
    142,
    1,
    167,
    220
]
